270 2
110 -7.24028 0.0770231
236 -6.71007 0.104908
243 -6.80374 0.208175
51 -6.66119 0.106415
73 -7.9179 0.311604
47 -6.64988 0.167803
102 -6.95662 0.0864871
77 -7.17874 0.20292
87 -14.6654 0.685777
171 -12.0999 0.704753
76 -8.9587 0.565149
117 -7.76334 0.33363
69 -10.9375 0.704261
9 -10.0289 0.675429
62 -6.91262 0.199102
156 -9.4019 0.601052
217 -13.6999 -0.233687
244 -14.6773 -0.144013
218 -9.59039 0.648627
207 -6.06607 0.134328
216 -7.11882 0.163562
122 -9.16191 0.497602
67 -8.40502 0.018811
211 -7.1427 0.0891514
220 -7.16966 0.27863
214 -7.4069 0.119284
61 -6.48667 0.151627
278 -6.96841 -0.00908524
30 -7.92603 0.12233
159 -6.72764 0.265576
257 -7.11843 0.113327
65 -6.90498 0.101894
79 -6.78504 0.0981597
33 -9.38826 0.420111
248 -7.36233 -0.00378616
161 -6.75847 0.137302
105 -7.12102 0.0749446
143 -7.367 0.011925
41 -6.89106 0.166171
109 -6.37045 0.233505
239 -7.60362 0.0480942
241 -11.6143 -0.161949
10 -6.53276 0.19538
229 -6.61401 0.236533
249 -7.10653 0.0161129
206 -6.61357 0.200848
114 -6.22007 0.286691
49 -6.9574 0.0951145
146 -7.42449 0.279231
95 -8.49707 0.242165
142 -7.28654 0.087708
182 -6.53714 0.176816
167 -6.95733 0.287543
144 -7.92306 0.406988
175 -9.01605 0.477928
221 -6.99089 0.277781
85 -11.0282 0.56766
28 -7.37149 0.219228
71 -6.56894 0.0151547
180 -7.55062 -0.0529051
40 -7.1257 0.139239
106 -7.18795 0.012424
58 -6.91855 0.134962
2 -6.31156 0.108187
63 -7.32875 -0.0315512
127 -7.81014 0.272511
252 -7.83503 0.312294
271 -11.4952 0.50489
101 -11.5791 0.491735
74 -7.70333 0.228802
19 -7.32198 0.182491
21 -7.7002 0.279599
1 -7.74477 0.431717
152 -11.6708 0.690439
258 -6.96071 0.143077
255 -10.855 0.573436
99 -8.27748 0.440881
96 -7.66206 0.366695
93 -15.0013 -0.00245548
204 -13.2677 -0.254439
135 -6.9191 0.0756104
82 -6.2925 0.0673408
201 -6.27248 0.163033
286 -6.76615 0.22884
133 -7.13039 0.134165
36 -7.11557 0.21525
0 -7.05771 0.301996
100 -7.05178 0.188524
232 -6.71225 0.259594
68 -8.4998 0.110907
299 -12.9532 0.368424
84 -10.6896 0.0384741
66 -7.41835 0.0550544
165 -8.04569 0.061174
27 -7.73495 0.110884
273 -6.9864 0.194543
298 -7.5879 0.231046
212 -15.4328 0.948741
140 -14.4483 0.750385
72 -13.9046 0.834861
14 -6.91361 0.247962
23 -17.298 -0.140816
81 -10.1557 0.0562005
15 -7.11066 0.315901
170 -11.9733 0.757473
17 -11.0942 0.779252
260 -6.98599 0.182013
80 -6.93815 0.0282203
162 -6.88155 0.241161
138 -7.56257 0.207875
123 -8.33514 0.0434479
210 -6.65759 0.207418
57 -6.95685 0.0780368
219 -7.03063 0.233722
55 -21.6822 -0.310073
103 -19.881 -0.233056
24 -8.57135 -0.0372956
131 -7.64599 -0.00705591
277 -8.29145 0.132202
251 -7.58263 0.214911
254 -8.31898 0.394723
147 -7.22748 0.252668
287 -6.67628 0.289737
20 -7.66692 0.0520864
119 -7.15582 0.0863691
261 -13.6783 -0.17558
178 -10.1952 -0.147955
38 -7.39478 0.208124
148 -8.22278 0.276171
39 -8.10886 0.265499
115 -7.07708 0.0772989
50 -7.63245 0.398272
134 -6.21787 0.176864
289 -7.10422 0.122326
237 -8.22117 0.513061
164 -12.0031 0.643255
163 -7.73636 0.507724
173 -8.78941 -0.0160393
192 -12.4328 0.779018
238 -9.44542 0.511165
184 -9.77175 0.617958
223 -16.2397 0.749057
242 -9.33485 -0.0612199
35 -8.49007 0.0783025
4 -6.90896 0.166641
230 -8.12161 0.391297
6 -8.79924 0.163674
256 -13.1697 0.742925
285 -13.2795 0.808805
5 -6.60076 0.123451
169 -6.42432 0.122793
197 -6.95053 0.0675332
125 -7.67737 0.31339
54 -7.0863 0.247859
32 -13.7066 0.80685
11 -10.7284 0.661721
270 -6.84278 0.0494244
53 -7.5466 0.302438
108 -9.58131 0.605558
240 -9.42764 0.604042
91 -9.57569 0.028867
121 -12.4298 0.862756
198 -13.1076 0.779325
155 -10.7202 -0.0294326
226 -6.65451 0.0404537
187 -7.04879 0.112203
60 -7.30687 -0.0168034
295 -6.6935 0.138092
86 -8.00613 0.349075
196 -7.06408 0.132456
129 -11.3113 0.644748
264 -7.38592 0.0767605
89 -7.60082 0.0377911
265 -7.39776 0.0183106
245 -7.4758 0.404902
31 -6.94807 0.379787
193 -7.38062 0.275326
293 -7.16692 0.139761
203 -10.5175 0.451523
150 -8.52534 0.0798793
290 -7.51503 0.31372
157 -7.89558 0.134245
166 -7.41437 0.396691
154 -12.6473 -0.195249
253 -14.01 -0.256859
188 -7.69795 0.198371
59 -6.98405 0.250863
274 -8.39675 0.398738
186 -7.47074 0.28967
205 -7.49495 0.107137
90 -9.0433 0.421437
92 -7.45037 0.12851
141 -8.02302 0.105401
130 -11.7643 -0.0213713
158 -7.54214 0.451172
247 -8.64879 0.107585
181 -6.48335 0.27477
124 -7.46589 0.40368
209 -7.42585 0.120014
45 -6.6717 0.0770997
281 -8.47908 0.0244464
7 -7.06688 0.226173
179 -6.88321 0.226273
292 -9.11821 0.561121
112 -7.72101 0.0992206
183 -7.05346 0.113643
52 -8.1703 0.441772
195 -7.34185 0.249868
294 -6.58038 0.174021
120 -14.254 0.83477
70 -9.19104 0.103087
231 -10.4092 0.59462
75 -10.5026 0.121934
42 -7.03055 0.179886
227 -9.35338 0.155023
12 -7.01686 0.0723172
272 -7.98636 0.425795
259 -13.8895 -0.0675042
296 -13.8378 0.992679
83 -6.20241 0.12989
132 -6.68473 0.116103
190 -5.9566 0.242662
284 -7.17587 0.307564
139 -7.77043 0.227198
224 -13.862 0.636389
291 -7.87289 0.41838
48 -12.4387 0.71902
194 -7.58175 0.163858
263 -8.35823 0.244031
116 -6.62881 0.0611406
279 -7.75483 0.256986
145 -7.88981 -0.036733
107 -7.20335 0.0824207
234 -9.81313 0.344979
151 -12.414 0.775634
250 -14.2912 0.677406
113 -11.0908 0.0148792
283 -11.2736 -0.148197
233 -9.34255 0.329928
34 -6.42296 0.195337
56 -7.62194 0.163027
276 -7.74758 0.396595
262 -7.57534 0.0669355
275 -8.83113 0.109278
88 -10.2459 0.33406
202 -7.98738 0.389639
43 -6.37192 0.33035
22 -8.2489 0.0986431
137 -11.4053 -0.173621
191 -7.86901 0.0683333
160 -8.48606 0.188495
136 -8.28354 0.245724
111 -6.84195 0.0829467
222 -14.6135 0.805677
266 -12.7105 0.653597
97 -7.17783 0.103332
208 -6.73485 0.139464
104 -6.70284 0.287137
176 -10.1372 0.0627296
149 -7.79633 0.30847
297 -12.15 0.72422
246 -14.3942 -0.145526
213 -13.4446 0.935001
269 -6.83497 0.0227456
98 -6.63138 0.135706
3 -10.6534 -0.00870881
94 -6.70032 0.269455
126 -9.07521 0.141448
168 -13.1114 0.805609
200 -7.38895 0.305389
