300 1541
0 263
0 232
0 193
0 186
0 159
0 147
0 90
0 73
0 61
0 58
0 51
0 34
0 31
0 4
1 206
1 182
1 152
1 129
1 80
1 73
1 62
1 45
2 290
2 278
2 265
2 258
2 257
2 232
2 221
2 216
2 207
2 169
2 161
2 143
2 133
2 116
2 67
2 66
2 58
2 45
2 40
2 31
2 10
2 5
3 281
3 176
4 290
4 209
4 208
4 191
4 178
4 169
4 133
4 116
4 110
4 96
4 90
4 59
4 49
4 35
5 270
5 216
5 214
5 149
5 116
5 114
5 86
5 40
5 10
5 6
6 270
6 216
6 214
6 187
6 160
6 123
6 74
6 27
6 19
7 273
7 216
7 167
7 74
7 59
7 56
7 14
9 296
9 258
9 245
9 152
9 69
9 62
10 295
10 287
10 260
10 243
10 239
10 238
10 216
10 210
10 206
10 187
10 182
10 161
10 133
10 132
10 116
10 100
10 94
10 82
10 80
10 66
10 62
10 57
10 51
10 43
10 40
10 36
10 21
11 245
11 158
11 129
11 59
11 52
11 50
11 48
11 33
11 32
12 269
12 257
12 254
12 216
12 210
12 195
12 116
12 98
12 61
12 60
12 57
14 295
14 272
14 249
14 232
14 218
14 211
14 208
14 195
14 179
14 169
14 162
14 149
14 100
14 80
14 63
14 52
15 249
15 243
15 149
15 88
15 76
15 41
17 296
17 292
17 170
17 90
19 286
19 243
19 208
19 190
19 167
19 160
19 143
19 74
19 41
19 27
20 287
20 284
20 281
20 279
20 277
20 273
20 265
20 249
20 245
20 243
20 211
20 201
20 193
20 173
20 167
20 165
20 154
20 139
20 134
20 131
20 119
20 110
20 62
20 51
20 49
20 45
20 40
20 34
21 254
21 227
21 166
21 159
21 74
21 49
22 183
22 147
22 135
22 63
22 58
22 24
23 253
23 246
23 226
23 81
24 293
24 278
24 249
24 236
24 183
24 178
24 133
24 131
24 112
24 104
24 45
24 40
27 273
27 258
27 243
27 232
27 211
27 160
27 143
27 111
27 58
27 57
27 56
27 45
28 263
28 232
28 114
28 71
30 281
30 279
30 278
30 188
30 173
30 149
30 142
30 116
31 245
31 238
31 230
31 193
31 187
31 184
31 181
31 158
31 152
31 147
31 146
31 51
31 40
32 213
33 294
33 248
33 184
33 48
34 249
34 245
34 233
34 207
34 187
34 169
34 147
34 142
34 97
34 59
34 58
34 51
34 41
36 294
36 260
36 243
36 206
36 193
36 148
36 139
36 117
36 80
36 76
36 66
36 58
36 47
38 289
38 281
38 216
38 210
38 149
38 148
38 132
38 109
38 104
38 92
38 90
38 81
38 62
38 42
39 295
39 290
39 232
39 219
39 191
39 163
39 148
39 134
39 115
39 84
40 294
40 290
40 281
40 278
40 270
40 264
40 248
40 243
40 241
40 239
40 220
40 216
40 206
40 201
40 195
40 191
40 188
40 187
40 167
40 148
40 146
40 142
40 133
40 123
40 119
40 116
40 115
40 107
40 104
40 100
40 95
40 71
40 62
40 61
40 51
40 49
40 41
41 290
41 286
41 281
41 270
41 251
41 248
41 243
41 226
41 216
41 208
41 191
41 187
41 176
41 157
41 145
41 143
41 134
41 132
41 116
41 114
41 109
41 107
41 102
41 98
41 97
41 66
41 62
41 51
41 45
42 270
42 257
42 219
42 216
42 206
42 196
42 182
42 181
42 160
42 147
42 143
42 116
42 109
42 104
42 97
42 90
42 74
42 63
42 62
42 61
42 60
43 239
43 216
43 182
43 179
43 152
45 295
45 286
45 270
45 258
45 239
45 209
45 208
45 169
45 167
45 142
45 134
45 100
45 97
45 79
45 62
45 60
45 49
45 47
47 294
47 269
47 249
47 239
47 232
47 219
47 201
47 187
47 169
47 165
47 138
47 123
47 108
47 105
47 102
47 74
47 73
47 62
47 60
48 240
48 156
48 129
48 90
48 72
49 286
49 269
49 260
49 257
49 239
49 216
49 160
49 159
49 146
49 133
49 117
49 115
49 114
49 102
49 74
49 62
49 60
49 59
50 272
50 270
50 198
50 166
50 161
50 157
50 150
50 134
50 111
50 76
50 66
51 264
51 257
51 254
51 243
51 242
51 219
51 206
51 205
51 194
51 193
51 188
51 187
51 173
51 167
51 159
51 145
51 143
51 132
51 119
51 116
51 111
51 106
51 99
51 89
51 71
51 63
51 62
52 272
52 220
52 210
52 195
52 183
52 179
52 150
52 117
52 92
52 83
52 53
53 240
53 219
53 108
53 61
54 295
54 265
54 257
54 229
54 219
54 201
54 186
54 161
54 139
54 134
54 129
54 125
54 105
54 94
54 82
55 103
56 167
56 143
57 294
57 276
57 269
57 262
57 249
57 248
57 239
57 236
57 219
57 216
57 211
57 210
57 208
57 207
57 201
57 197
57 187
57 161
57 116
57 114
57 109
57 105
57 98
57 83
57 60
58 289
58 281
58 248
58 243
58 216
58 214
58 201
58 190
58 187
58 165
58 147
58 143
58 142
58 135
58 123
58 119
58 105
58 86
58 80
58 67
58 61
58 59
59 257
59 251
59 245
59 201
59 190
59 188
59 181
59 157
59 145
59 142
59 133
59 115
59 107
60 295
60 278
60 269
60 262
60 239
60 232
60 219
60 216
60 210
60 209
60 207
60 187
60 183
60 179
60 178
60 165
60 155
60 143
60 139
60 116
60 111
60 98
60 83
60 66
61 278
61 257
61 249
61 248
61 219
61 216
61 214
61 206
61 201
61 193
61 190
61 143
61 105
61 77
62 274
62 269
62 241
62 219
62 206
62 188
62 166
62 156
63 295
63 286
63 278
63 242
63 226
63 219
63 191
63 180
63 173
63 162
63 142
63 132
63 116
63 106
63 92
63 80
63 66
65 281
65 270
65 269
65 257
65 210
65 202
65 190
65 180
65 163
65 135
65 125
65 123
65 83
65 79
66 281
66 264
66 257
66 249
66 207
66 206
66 201
66 187
66 178
66 144
66 143
66 135
66 126
66 111
66 105
66 102
66 89
66 84
66 83
66 82
66 80
67 265
67 259
67 242
67 232
67 220
67 216
67 211
67 210
67 183
67 169
67 150
67 131
67 107
67 83
68 299
68 263
68 243
68 205
68 201
68 187
68 126
68 102
68 97
68 91
69 193
69 152
69 72
70 231
70 173
70 167
70 112
71 257
71 243
71 236
71 162
71 154
71 110
71 100
72 240
72 231
72 213
72 212
72 168
72 166
72 156
72 140
72 90
73 290
73 252
73 236
73 226
73 202
73 200
73 164
73 146
73 125
74 273
74 260
74 249
74 232
74 216
74 196
74 187
74 162
74 159
74 141
74 136
74 127
74 124
74 109
75 257
75 209
75 113
76 286
76 272
76 237
76 232
76 201
76 198
76 171
76 164
76 152
76 117
77 263
77 169
77 147
77 135
77 114
77 102
77 82
79 281
79 252
79 243
79 210
79 169
79 135
79 127
79 123
80 295
80 257
80 206
80 191
80 173
80 162
81 193
81 141
81 123
82 295
82 281
82 257
82 239
82 201
82 135
82 102
82 100
83 270
83 269
83 260
83 242
83 221
83 217
83 210
83 208
83 202
83 190
83 180
83 179
83 163
83 159
83 158
83 135
84 277
84 263
84 242
84 219
84 180
84 165
84 144
84 130
84 126
85 230
86 286
86 164
86 149
86 125
86 102
87 171
88 275
88 264
88 149
89 277
89 262
89 236
89 231
89 132
89 115
89 110
90 274
90 240
90 220
90 149
90 148
90 109
90 104
91 265
91 187
92 289
92 281
92 220
92 210
92 150
92 141
92 133
93 204
94 295
94 164
94 143
94 139
94 138
95 214
95 162
96 284
96 279
96 278
96 271
96 238
96 232
96 209
96 207
96 193
96 181
96 158
96 132
96 101
96 99
97 287
97 281
97 269
97 226
97 182
97 142
97 111
97 102
98 269
98 257
98 248
98 236
98 221
98 210
98 208
98 201
98 161
98 116
98 109
98 105
98 100
99 292
99 291
99 271
99 221
99 193
99 101
100 287
100 264
100 245
100 236
100 221
100 211
100 208
100 149
100 147
100 146
100 136
100 131
101 271
102 293
102 287
102 281
102 269
102 257
102 236
102 216
102 201
102 187
102 143
102 135
102 132
102 126
102 114
104 202
104 181
104 163
104 109
105 281
105 265
105 249
105 241
105 239
105 236
105 232
105 201
105 196
105 191
105 187
105 169
105 166
105 165
105 161
105 134
105 110
105 109
106 295
106 281
106 248
106 242
106 214
106 194
106 191
106 182
106 179
106 173
106 157
106 131
106 117
106 110
107 265
107 257
107 251
107 200
107 133
107 132
107 126
107 109
108 240
108 231
108 219
108 218
108 164
109 287
109 243
109 236
109 221
109 209
109 201
109 190
109 162
109 134
109 124
109 112
110 295
110 269
110 265
110 248
110 236
110 232
110 210
110 206
110 201
110 157
110 138
110 134
111 286
111 247
111 232
111 216
111 132
112 287
112 270
112 221
112 190
112 131
113 241
113 239
113 176
113 143
114 293
114 279
114 263
114 232
114 219
114 206
114 201
114 170
114 167
114 134
114 116
115 295
115 236
115 221
115 210
115 191
115 173
115 146
115 145
115 116
116 295
116 278
116 270
116 269
116 257
116 219
116 216
116 210
116 206
116 191
116 180
116 166
116 143
116 132
117 294
117 286
117 133
117 125
119 274
119 169
119 165
119 160
119 150
119 142
120 170
121 218
121 198
122 224
122 216
122 164
123 281
123 241
123 210
123 187
124 292
124 209
124 179
125 269
126 298
126 279
126 146
126 144
127 285
127 254
127 252
127 243
127 193
127 136
127 133
129 292
129 192
130 242
130 165
131 295
131 289
131 287
131 281
131 277
131 241
131 201
131 143
132 289
132 286
132 278
132 257
132 248
132 216
132 206
132 190
132 181
132 142
133 295
133 286
133 281
133 279
133 273
133 251
133 201
133 193
133 163
133 143
133 141
133 134
134 289
134 265
134 236
134 226
134 207
134 193
134 161
135 281
135 269
135 254
135 210
135 206
135 159
135 150
136 142
137 242
138 295
138 262
138 254
138 202
138 183
139 294
139 279
139 263
139 262
139 245
139 221
139 209
139 143
140 212
141 246
141 193
141 187
142 294
142 252
142 182
142 181
142 173
142 156
142 143
143 298
143 289
143 262
143 248
143 209
143 201
143 190
143 157
143 154
144 294
144 240
144 221
144 211
144 207
144 175
144 162
145 254
145 178
145 165
145 155
146 298
146 287
146 245
146 147
147 287
147 286
147 263
147 245
148 219
148 191
148 149
149 286
149 274
149 211
149 208
150 291
150 281
150 220
150 210
150 203
150 183
150 169
151 250
151 164
151 158
152 276
152 238
152 184
152 171
154 283
154 253
154 178
156 168
156 166
157 290
157 263
157 251
157 220
157 166
158 296
158 230
158 207
158 193
158 159
159 295
159 257
159 232
159 206
159 205
159 193
159 186
159 182
159 169
160 274
160 169
161 248
161 201
161 186
162 295
162 254
162 240
162 233
162 232
162 221
162 214
162 210
163 295
163 291
163 273
163 221
163 218
163 193
163 190
163 170
163 164
164 297
164 291
164 266
164 237
164 226
164 171
165 273
165 248
165 216
165 207
165 178
165 169
166 263
166 231
166 193
167 243
167 188
167 182
167 170
168 184
169 294
169 278
169 249
169 218
169 216
169 210
169 183
170 296
170 292
170 222
171 237
173 242
173 205
173 193
175 221
176 251
178 278
178 261
178 253
178 249
179 292
179 216
179 210
180 270
180 269
180 257
180 191
181 294
181 278
181 257
181 216
181 202
181 188
181 187
182 287
182 278
182 243
182 238
182 226
182 216
182 190
182 187
183 254
183 210
183 206
184 287
184 238
184 221
184 192
186 274
186 260
186 232
186 226
186 201
186 193
187 269
187 262
187 249
187 247
187 230
187 211
187 207
187 201
188 278
188 253
188 234
190 257
190 248
190 221
190 214
191 257
192 292
192 238
192 231
193 295
193 273
193 260
193 232
193 207
193 194
194 210
195 272
195 254
196 236
197 294
197 249
197 216
198 285
198 272
200 202
201 294
201 286
201 281
201 279
201 269
201 265
201 262
201 257
201 254
201 248
201 245
201 240
201 238
201 208
201 206
201 202
202 255
202 254
202 240
202 238
202 208
203 266
203 222
204 242
205 257
205 243
206 293
206 248
207 294
207 262
207 257
207 221
207 218
207 216
207 211
208 277
208 270
208 248
208 211
209 286
209 270
209 262
210 295
210 294
210 292
210 289
210 287
210 281
210 272
210 269
210 248
210 242
210 220
211 281
211 247
214 270
214 248
214 216
216 298
216 294
216 278
216 273
216 270
216 257
216 249
216 220
217 244
217 241
218 266
219 264
219 239
220 290
220 289
220 243
221 298
221 294
221 292
221 287
221 245
221 236
221 232
222 224
222 223
223 224
227 281
229 257
230 284
230 279
230 245
230 243
232 291
232 290
232 277
232 263
232 243
234 254
234 251
236 293
236 283
236 257
236 248
236 243
237 289
238 285
238 256
238 254
238 240
239 281
239 260
239 249
240 254
242 286
243 295
243 286
243 284
243 272
243 258
243 257
243 254
243 252
245 287
245 249
247 281
248 270
248 264
248 263
249 294
249 281
249 278
249 275
249 260
249 257
251 254
252 271
254 272
256 285
257 295
257 294
257 269
257 265
257 264
258 278
260 286
265 278
269 270
272 294
273 295
277 286
278 294
279 289
281 289
284 298
284 294
294 298
